0111100011100100111011101111101101111010110011101110101110110111101011
0320023202120323013212031001021022120300312130203113113023031010232312
0203303121222113003112121332213201132123221033113200322213030023311013
2311332230322110220121301121320311123021210311101030301301023311221010
0310113210330303312203121002033003203231001130202320110321300120102312
0000321210220302011310313221121303121202332023132221122231033113231323
2233001313031233300310221321201320112133111231011030133220111203101312
2132301211113130220132322112231103031203012102013033222101312030202122
0011003131030112221311013201312110322322212023221131110312031013222013
2211213210131022310131002101212102201103122322203202103223013221332020
2113312021011321300121220030103030112222221300111231101131031013032223
0212031301032003033120322021302133001300021231121220211212210001122232
2302012231211303101221323213123111222122321003202313103010223213232101
2121220110220112021300321012232211332023112310132022022033303202030130
0121322032221222311331131300303101111331102100031331212011220323223123
2222113222122211222011111220120103101320320322100030323322111122032001
2131030110331112212320311223130301310112222222232303200131020122013213
0110122121113033222221212120132212111301220230312110133221321230032203
0033130210320211012010212222112112021131233222012011202103222313212211
2320203220323001322212321001303101303211201113301020223220322020101301
2013303112112331222201312230132231112032021221231233303121031210332030
0311021203221031221232013022030101130132312012200013222200222221312033
2031230312120302222113001330123000311220120123123101011223310301030112
2220301111012221101200310302212321013131300211231121221102113031112122
2013110131320312013331220321022112320130133003320221122131003322113223
2222022120130323031112320330321202112103111230113303021221321030210101
2301323122220100132220221220322131010203210130113113332032211313031231
0332211001013032103002111220313220213310222210013221022101112122110112
0130103320032211113233111311121002201012303023121010302222033112221323
0003113223022131013111132201131333322122220201203133030131121203032201
2331202132201122210220031011132102113132232231200130320102003120120130
0100121321301321103222101011130331212010212311131300220331220002222122
2223131122221112203033121212003211221202310103120332021122232330311022
2113010101203212002111021020332102001222031201031123302103323111030322
2222121331122102233031330332202223212232111221122220332210320111323222
0312120311013023120320310110132211032123022312030132121322110211011133
2101100322222303120321223110322121313113322032110302201100313012301322
0232023101310121213022211121131310220301022223110131113222022303013103
2322303222111320113322103101121013101032311001312210022121331200001013
2121022221112031012201310331001003031032203201221022213130122123303320
2032320201310312131101111311332322212101220303132322103110222211220113
2221113332212201201122203121111230130330310312201303101313203022231012
0222221120301003313102020032220112122123022012201301201111302311311213
2321000030231231210031333201132223102120212320301331332220321003013103
0112233222203310023032012012033121223013301121011311111121003321210132
2110212303222113320113132032200312120310313231110011212221230132002221
2213030312312102210201310020023001023212120210013203311031320013333112
0013011030011021323210202223231222303220303002312220321012003102032100
2310120203200313212212132322103222222210132323032322222032303231110322
0133233332330312031213223013130331111321011331210301303311121013211333
