001011010101101000111110011111
232320200312112333100102302201
203033330313210320321231332131
022210131113111201232131031111
210111130300031122312030130312
212112030232220130203022120031
213120132313103032311231012131
222122001113011121001101133222
201201230200122111322131120112
022303122032130200130113223101
212001332132032220012121111231
200201133110103333311103101203
233321032103211320310320021203
022210032202203201111012320132
210123012031031201300313230312
030331132132021231030121122211
223220323000231102132222221303
030131112323321033212211131032
013111032232120311110132121202
031031011000320300123210030133
000113320323012121331122012203
232221031320301320121122322111
203211220303111032200220121031
232101100312111111233302232122
220203021110121120112220120211
202303322103203213120123213322
031313022132121001302121103012
032032331001132212123131013310
030301302311112032222211010323
012220322010102321201103210121
031101320323233101122111121331
020103130111221202213112132103
232112003211203021321220211101
223202203031222231203112312231
003223310120113321220311211103
231113023133112021030132220003
032222201312122300122101303311
031121201131011323000322003112
030120301032212203333122322031
223201321011320000320201321203
022222213013122220303122032031
231002022031112330112103113221
201320303320311132223031031031
010320313003011112013202222122
032232101311021033011331003103
220131112221330113122012220110
031211022010212032100303323203
003303312122013021020301132203
212202213033101331331313210220
032120011202112101113120132223
223033312032020210110110212112
013032032200333313110123323213
222211210231120211032203203122
202322102320133010013201020222
033112221323210312211003333103
220100021212113003003212222120
012233232011211303332312201313
210202322122032130300111203200
033232220322011312233222110322
202312001221132020011031212233
033201231112111313301011122212
032121300012020101213221001222
030231122223232132301122221211
002210223220310310230030313221
233313031112221222302311122103
210311110310131101231103012231
201320113030131113203032202221
021111013103010132010310232202
220202211010310321310323312231
233123222321211101222203103013
200121312221310313210030213112
223120130121013201213203322201
020322111303212203202003200321
211330321101212220231322032112
222110101131112123303032310033
220112130130210122201203123013
202102122003010303030211011221
230323000213323130222221013200
213203332121003123313222212333
212232123032301320322211032222
