011011110111010100011000010111111011010110110110111000001011111101110100101111000011111100100100111001110011110110101011101001111010101111011010100100
031122123103211332200332311131001032133210320311130232332201300321220333132211223201031022130321300313222132122220321032132322022222010303032212230333
222013020322112223333211032003222132112031223032033310112221132130321220012101312032320233101322033110021202110033232221220031200223020103221311301222
031113210132202102121111022321311211212110210312212201203110301320121032222120033322103310211213302212311231023322022322112131333131233222103221012121
203103223103233123032112212013222222203102021222221131231101303122201112320303212120220212222212031222203221320112212210122030020312030020320032133021
011111122003013201132121131110103311011033331121101111322201111133101033201322112012103033211120102310303120023011221113102122320131133311302322032322
020311213301222103032032120222132103211030222121010312212001111131012111212022122120332320011112032120113112231032032013121323031222013110131311000313
203121103002301100300320112302200112310032310112200202110303111110303032302311313233103203132012221322210033322202100111201020310131220311311103331200
231110301221121123222003030331332201213321222223323230213231211003011320330032032032200110222313010121033203122023230130313231021010103010311021210123
011212121330032010031230310301101332003101221013032312101011322232200101203110012021230323113122323231212210122332213221003121321320231301203222212213
212220220322320123132001031332032112201330010120321033013011210121031303312113303311031030131100320322121222202032000222232211030032031212120330202121
030003132120222132220203220111131212213122123133010122311221321322201310201121112111030302021032110002232203130312222312311200033112301222112223230301
022203220312303203212331003120020203303100321221213020012013011030312202322131201132002023300123102222212013222003223210131123031032230311212221221331
222330101302201302003102322122333002210323220322122333031202113321301230311030221103223212131322233222111130120303300301222103011013001322220301211111
233122232221212223330131011013122323222221230120321120113121300111321031322313110211322031320110101231322212222100120221321222210113320200312131222122
212220113102311103113031112122000310001221123100203221030011133220231222032122032131221030311300313130122222131233033122201021210302112232101202210303
001101013231221020220320223113331123331200032223100300032111032002121021112121031303020002112121220322200322102132121230113312313122023212113031110320
221003103021300333111123112012203011113132012221131333301321310322113201201131222211223233220130101312131302020111312030311013203131310313110113011103
230331222232022221012012030122102011221032210201210212011132003223212221220300031203312010112102031220322223332011120110122011012012101121122110130320
223101313032330322021211022231121021310312212113133211012031331201112230321022321103201313213232121120201121012031221031302312033020230120101130013123
031121200013123222331112332032232211011203321100113221222200312100033321210321110302031212021110211322120313312222210103021201310332322112031113120303
032031032113200301211210211222012210311213103231022122310133030323131032110331001122212011300123121210211032202030101332321321110212012123020113130113
203022221320231231011112302210313301132321031222322112203022103210030300321202231232220322223011322203013031030131303101331232122312033002220311122021
202230321203032203122101221120322210012003032203120101103221110312020031203122312010303011213030211332222221320322020012122011210131131330301031213213
031222030022201311203212222201030313321303122121003012001321120022212312010332101031032003302323030112201120310303322212120211222103122013003003222203
002010203302320013030303113231122031222213010113332213330201013313031303322222112121211213232210030311331030133030102311132311200111103130312301221001
222033312231013311132100222203220301022203030310011212002203032110113201033113223202302220212222030212210121112023130103220113130212113032123103210332
223201030113020211013033031111100121222003031033310103322132302033032012311031110332223222220012323320033212120312212131023122123301121020030303210103
230013101130213101013013132220122013232221301131021303132032032221121121112101322101311222323300111313211203013210111102211103022222221323221130130330
203011311203222020121211212121233303001322012110213130110111030203022232200322202013031011311123221222212201100030112223030311301203110002011131130033
221020111330321233232220121003130220303102211213001120121310032301312003221210023201110112222103013210202013123021303122310220302313123233310132032320
232333103211302132101301210220113131332231212122322202012213020001223212031123301131212103112200010213030031203310313220132300330310310121202222110203
022013120112130322101103322313210021030122221111101322033012233331103221103011221222201313200222303032133011313100110210320330101312003110221132123313
203101223020113212222211310130032211202232100222232123131031130030201120103132312030313020323130321220320100312133222303001201310132320312201312220011
213021031232103110103212120113123022131102033222021203003120013322122133212121030120320201101121321220310230312100313220312311222220120303122010213300
030321021120211222200321013220312203111023312103311001331012120303121111001031100230132321001332113103032313013231013202122120022011332010331312300233
003030311033031002123201321120313313112232122112011220111312231230012202312312233101030213332002111201313220201301103132220313321110303313210222233222
213302201202220331310311022000200011111112103203210231302001003213323220112002210113302202100331030322002023003201222031033032222210020032033103112112
030233213121010010313222331323033312001112032131223311033303321101130132113330031201322122232111010132220231213022230203022013003113222030000311222201
033201011021213310312030113232203111332003013031302001220330212032101221022103013132133033222120321221332322011222122013303020322110332122321221221232
202103032222111313222013121001011100322301112103033322130102101311230003313103110212212011123001210220321212301332032103211333222003033001313301311011
232221301312211101310111101321302133212222031210102121021333103200112212030102213131100301131321222113211012221211111203222122221211203303031210301132
221001201303031030310222102111130322003003120010333122321122232221313312222131321121033220312122212203003300131021031210301132121320132111000303030322
211331331211003102002212133010100100330320222131300312010031120332032121120113201031022203003220211301211221203300111223011222121212202111320303322122
021222201131230121332320021220223030133033211030323011123203012222112021013222102103320202213232020313321103020223012122031013213210031103232222120022
203102122001211331011113320033321311203321022112220122131221032030111301120120122203023131032113230030320131313330213011132130310023303203013122212302
230023201232021212111020323012022101111201313033203132122300200200221013231322022132212011003122202130210011131012321022013011032231222110222120122123
033302032310211001322301321133313231121010311202110322202133233333131121211123331030033131222021121303323320101133110320013131003122203123011222112212
221132310113132232031130210113200031021311011131302032031303203121030332122011010313100102312321102032200323010100010333103021212231031110220311321212
012010223100113122120322321220123132300122221030033212211032120113121202210031031120223120131322032121122222033132133022212301212012122213130003012311
223322001131013221203221031223220303132212010322202030001111111031211130103203312132111233011220120130132011110301132312120003312203022100212321322221
000013331103012113022212112301302022120132211022132113301322100111320313003111303023001212130323130030133222030203211220102331220313303223303211120211
233321003022033021300303030221033212203020222332113201311221232110303032211113110302331311003011112111220303212322030100231300310321200311231210113012
210121231210301330123202122210112300030223100301030102030221001202010111113210011232020322203221210132121022033103202033211221120022230103001111203321
213203003303120300210133013210132123323301223230001323103311332033301210131112122313213012213222030312221211102213232013320331022331120300303022010303
012011332132203133310121311002213201012212111023203003102120030021121102110022210121211220011012113022000303221201313132011203301100021330232211311103
021301012013122211123020302231013122323223121213302332222103203302212123223312201322203313012322120200233010113012203122003013003133311303321300112032
220320310310112003201310332003301003200120110121031012033222103221121202122200303230312013022222103333203212220213011121331012201221101013100321312031
231120130211020231010320311211113221123111132221320120120111331103210321303231212013122222231223012121221130313011312111220200331302103101331201033013
012131312200233013223030100020210303120110323213201321233010311212212002212022223211112013020122021030013211032211003111133323010131303110311032221311
213211103333220303113103233222321331012031210012203013222221111301133331110322013011121022222132203303100220013111311132201103320013220023012203013030
212121211021202210110010131300311212033211213033013321201101013030110222121320211222100303333101210332232302322120013101212111013013202213321322103103
032102022212320033212030221133112000122221110032122101202130310223123203001222321310133132122203322013111222122223111032201020321211133310221122222231
011230300322232103012313210200322332011203112222122020332010213200300212221103032021000111312013020132221223101011022032332233103112122222130102220211
222012223203213111213011113221310212221212033301131333213312130323122200221213203310230121121102323202101213231310321031212302103100132102122131323122
013312211320112020303003212220112212211301320322122201131100001001233133310302220203130331001123111033122013103032210221001021311031003232021202220112
011031320333101232101330322032222222312120113121003211031222303313130221013222113222203120203110203120120203032121223322330203103003332030212221303220
221303012203030301201013011212003320101100010331311211203031211103203201030131201113010313222213301013222310021212221203013311222232210122300113231213
212102222001223122330212121213310312230322121111132102201031132030313102213012211222121303211003212113120033300301030203011211301221000330333010301101
203021031322031222223320032311122220322123122202013132121122220120322222122123030321111112022312212121233113120121213020200322231012321221203222213131
031313003221130330321203110101312003032011312221122221013120132103220130220302011012011220303003123013220030333013203213323003021211122221220320032122
010002331121202210022122033112220232220311121031203220132232121221030313201230132213320220322302220322212301020322032121032322222200331101101302203011
023233121110332103222110102033003012012102000203102002220321112310030221303013112310322110303133201131122130232030131121101222200122201022131133311031
220322002212020003321002233111321222203223233111323230301211032012133130131101031120213030203201132201031033113030132111220321323230303230221121220211
220302232122303230322330203013130313302111130322132302103321021213211112201312100103020132322200220230012010301312112212322201320311331223210201102132
233120320311103203113113201120130312031020101010121121302121221022013113013103032130330121211133132303221023203212222010133112121101131000203310333112
221231303011321310211030010303030203212203031303103003121222303303210212222103300323210213120301031020312332103011003223210200303201022332302033122221
020031221031212222220323122030013031203322322031201313003022021020302101310330321120222311120032010223122101013102231013003131031102312101332222210111
203312000110030112113022123123113132022230011311222100303312221310221312211120111313222031222203203301103132022132221202230121021031301120132121103122
201320233003312111303203032230020322230312100320010321232112311033231111010120130311121211032300220330122110320103113020302231313103032011120120132222
232113021331101001013303321102311310300032231323221302321210030301222200223210122010103032223232313120322220310320003323120302212103212322213030301321
032010202110303212000131222031100302223221320322220331032202301103212233130303222133132122212110211033020312033223322101330230312232132011111131132211
022033331301122303321211211122232232222103111111220121131131022102113211201330111000111121310013322001212201032101122203022210112122210300301013203002
232110122221030100302130122131012222021113220102303203212210222132210302101301131230103131223003121312212002202111322101223012111311030232202110032330
220120331032032131232112232203213201313010112131320011321103301311211130322213032023120122201202102113131333131101210322211121311122102001130323312223
031302001131132211033111013121122112102131322101323300122130310321312211010311032303212031230331131320022203103013300113220111220211032331103220201311
212030332032011321220131110303112113031132001013222233100203103120130310201221120021123222102010111223232111212222130003323121103301033222110322022000
211310132112013022202031200201101130211021331220310312132122231122022033221121113232221030120120032222122100003312222331101021100321012220310312220333
212011303203302230330320322330312222012303221210101301213101130011211032230213221310310133231323210132013132301322101022212321233030131011211312312031
221122203022132100210222131211013203201111220112201031212222023320103011322301011111132220132132310001322212212112002332011201131322022112113033102013
000201011322103222212101101311203003310322123212213222303012221013121131220221122210322121032100113210132011303120333120320322120210322102220320333103
233003300132000332113221003032010230121011200112010111302320222030313100312310312222110031021222100123222311221110031210132210302201211231111120311101
210230021010220031321112311020023201220321320302131103232122330131032221112210210001122130312221220212112031103223303213212101232203220001103132001120
023133322033333320312033110333330332233121221332031203011303222202202113022013032200311131301221323302210113222122011113030313033121133302011203230323
210003213112210011220130323221010321212210030311012131102221200221021113312221032333002210322232201333101301101121121201121212210303111123311310320331
033303121202032113111203031221023221221112312111223020332122023230321021021311033122231210331030311032003121212222101102122301321213030312013102111222
030230221021132021221100131100313121211200130322121301221112322133001312310202210320012112201320211312310313220303232123131110122220120300221231311221
213212322221122302210233030232201111222121210122203122031111210312322031303120210103021323031102112011010302003132022122203222200122022132310130301221
212210131231211130132111033012232121103031130232201331032110111131121101030232032230230301121131123122131331301321320113030102023122311321013122231212
030130311312222031112031312321321032222320312131201301322212013211121231223223313223032220330113201130320312032120131030323233313222032203222121211212