0010011110011111011111010011101011011101100101011111001010011011011111101011111101101000101111111101
2212001123301311030311213311021310132232121331132211330123030132210130132222002112232332110311210113
2303331031111112201210222201230220102010201311220211003130312031112113112001320031203002113011001103
2222212201010111020303013131213113021023330320303012200311211001311130301222132013220331003013320313
2101310330211031220321220303101013332210130130012311332032121301312012231321113321312203332020320032
0330101032032312320232301120132201131220021213301312031031132102011320310210113100033221001313233221
2123232223302211123320013201212013020322313020232100121201130233131112112111200133202003312032002011
0211103221121110222123112130201010323111010313003032212310313032100111200013232001321310131030322003
2131030032203212330122013012312220301103302031213032222010011011320222022310132313103032011211330231
0111313103220321132132311130323303230330230303321321213203222321122112230311130113102111211131033302
2201212100130300301320110032211131032213011021112011022221121203133023121101130203231321211210112131
2021222033011223103202122201011322201321132321122300310312132203103210203203102012212103222120020132
0313222121301101320230212113112201212112022120220031203213020320320033322230332201032202300022232002
0210221130302200133212322001311231222111211013322312332201331101132320111320203312101023132322301333
2322121112132130011310131231210100132112031200310131200101202112010220130012113113222220303132230032
0133122212122033110313122300121320131121013230311031220312032210322301033031130122121330112210202122
2120102120210201303121211122111132121102103221111030230322121033120212221032221310003211321032023231
2101330132003303011130022133032200022033203103001032112123202310302322310111031103232203122103301212
2213123223330110113033310132201233311322132203203320313101232210130223213221032103301111130032203300
0110032030023103202122220100321322222103220132303212022013222031132131003100010330121201022131020123
2103211223310110120030300332001312012222031211202213303103103220211032312023023201313102232030322103
2121210221032203222122232201211131201010131222221321012022000133222222222322232013202032303123010332
0213312120131322131331023122130022213021312000120113223330321030121101110113312121230320322201133032
2021221202031120132101213121213300031330303330330130130302230220320330310311031201030212130222200113
2230321332011120132021111010003123201120121123120101322231223213201110003012101222102130123100331112
2103112100310113122301113122302212132113120110131213110120132220003113322201002302223213022032220310
0311222131312103222221202233231220322030031023201112201332202313322030232302332122232210321210130312
2211301101121110121222221110301303031123311203010311211221031112020223103021220222200113131130110213
0222230330101203203102031123122110303220301230030002121212113201322100103313033223130111122212212131
2320301133231012021131000113002120302111022033203332230311003213213223122003311121033121001111133003
2010013220110312300303331221231221221032303111331121321031320322221032122211202010301031213210022302
2313012110323103223112103201312102130221121031220120032120111303003301010211022201122302101023311223
2201311133201221103121013212012133023212203212201323110101320031310132202321323222213223031302210221
0111203032121122030312020312122103320312001130330101202221023103120320231310302201211200130121013002
0122131032203013120210320200331031011031201301133032121321312210111032103111130232022123220330132323
0312001120321111222020333233212200132101213210300200131020222223010303222001112132322011301131020313
0320321103000311213320110013100131311113130312033333222313210312031213203300310303212111320121200102
2223131122323012312132112110131011320121122001210113001101112021311301010230021020213000331310322223
0210001301110021112013002031120203011311212303032121303101310303121112213323331323011233100220233232
2003232100323201201122331303233222031010101020100303212231120303110223320321212002212220323312103112
2213203222103303332101113020112011312210312321232121112121012202103212001010322223022201111010330201
2201303232101231103131011320213301113120310213210321021203133023212101212323220312331100203202113132
2231011221013321003221011322212220121130122201321100332321210303113203213221031211301132221231203122
2132322120112222211031130003113113121220333311322130021211213221020132220111113110313112220221322102
0301111302223103322111103312121032111202032003120212303212222113301212201111022203111003303012210131
0311032231022203202011220303211203202132203221033203210113222102122013130211320313022221213323123120
0132012211211301323210331013221200133101100213013112012102222132212220002122120001322330211111031103
2031121120030121021023013220310332210303033211032122322021010301123223332111222320131033112122120113
2201020032210213320201031013110032011103131120013013122332321222113122101303210231220011122122111210
2202233123033203213213103021103321212212212132212010302220110111031131131220102002123120330320122133
2133321101200203020311013211132011013030011103310310330301223202210132020021332321211320211101303211
2020211130132312313120113221121320300023130312221022012232112023110032313312110302202223012101303203
2302303031210312020032210320032100133301221013111233132112212320313202221111033123031011022020132122
2021001003203012212101130303132122022112103031013301132101312212003221032210111103030322332230130122
0303330332321022212110312032122223210123132322222103123211103000303030130101301332221131031320311311
0310031220322233321123203013111210033232100303111121203210312223231301213132103021311001221120303013
2013320110300001202222212110103123203012032103221101020132110210210232201312212321220213032222122012
2221111032223312021101101113031111201131020003031032232111122033122211212203103110103301113010211120
2320222311331023332012120321031103221122222311130113111011303132213221202120103123031203210023010233
0322113201203312212312201013300322322222322112123002220111301312011312121120312111100330322331123010
0202031022103200110113122312231202221101332211032220032211120131013013103120133020132101203202203032
2330130231020121210320203010010131331212122122031322320120120302100303232012110330132221210022222123
2011323130203232313122311123303202032103101301013130311312101220331302110310100203111212113320303231
0101222213303002101220310122101033220320112032122120300133131133030330303001332232032111312133130300
2231310120201333103110321322220310131121031121230111323103203030030032232212223101030030113013032032
2110313112101303100211302113230222222032031230320132221211120323112113222223111103222111112003101303
0101212223122222223312221300132012201312103121122222220110203120030010121200221013012112031213111303
0332012220111201202122200022203132011001301012010110131223020133102223120033113301031210321113202022
0132023111310322033110133230232211203201012130132202112203231101232122033222221102321011303122130313
2212220322221303031211221323202111013320221212032121120113131222121213032301110322122111212001211211
2221332020130030032022203201223203320123303323033131203031031001221131121222221223202220202231121031
2122201331213033221322132220103222013212001310102210201131222232301300202113011211031213121103132211
2202030121121302212020301023020303011302211031232223022110300132222233231222113000303013230320130303
0131222222022131211230131221301021220333122132300320330111030320303221221220131221322013101103213222
2122123202322122201133210320313313212220011220232120021131202201001120201021101303031022112101222003
0112001123212110322101313100132212020313320102130003213220320303203233222232220300212222113112130312
0303322120310300303101301323120322200322203230122230322110233012331202220110322033102321013102101133
0302121212201133031020111212112222330031232031232133122103320223031031333103112210032110022023212032
0330330000122122031303003102011111323022010122000321203231032113203010301120033133120312330313101131
2030123223211311002112232230201320122332210332232013100321222120321311013112301300323113123030111210
2112021301211103231011321202120121222103130310222011030132112122031012203103210030210003122123211033
0313313130310101032032012122101302220103122122321122123001322212110123003111312303302310321203120221
0030320121003232320112031033111221333212221111120110322203031111203231310112223101023123120322102321
2302123102211221212023321013013213102120022110121312010221011222110210112023203221211101131112121212
2031221223013020221301113013220312123223211122201213322202221301102132030322103232003131030211021210
2031103103211312310313112011303201113212112120202112033331203230032222111311012022220020132312332102
2222200203321101222031003321231221032003210322232123011212221222320120200303221313213320200320312223
2310322101322113321211301131121101320311313023223003221132322031303113330212120001222102321100112231
0100233211212020100012031202010220103020301203212220100132110200313020112011203332102132122032210003
0322032110321320322323031022132010230330202211103212131321203220300331223131203222231202131132033211
0322032011201122123001310232213023112212132312003022032120112020330130121031111131203231303221211013
2123303320102003000310203211301312000131210322301333220303033220110223113001211200121101101022302211
0213201030232322333123222130332123232220021311130310111003013321033022001231203020210032222330322312
2212213213203002031201303222201301201323313022020203221310130332131231332122202233213321013202222212
2301022101312321302203101321210312301203202303213230122110310320030001211032320221203210221122031012
0031221231223232231121032101102212231131023013310133110323101123003213122122232113113222130223322311
2212231003111112012101131121021310120120322221220301101320222010332300313212001113032120303302103022
2312321231013120202110110121331121233110311111203120211122130132003231220311203120320003100030113301
0132022013221022323121313110013111211203211031001303101313120213222111210203232102123212232323022232
2220313122212211313222221032321111013013032212332231213222013322211321112303032232013313111030332103